PARENT_SAMPLE_NAME      0
35                     25
41                      1
50                     11
55                      1
71                      8
92                     16
93                      1
98                     15
111                     1
112                     1
117                     8
158                     1
171                     1
189                     1
192                     1
194                     1
197                    67
207                    10
212                     1
231                     0
232                     1
233                     1
240                     1
244                    26
254                     1
266                    14
267                     1
273                     5
275                     0
278                     2
279                    68
310                   144
338                     1
340                     1
355                     1
356                     2
361                     1
363                     1
376                     0
391                     0
392                     2
397                     0
407                     0
409                     0
415                     0
418                     1
432                   233
444                     0
445                     1
460                     0
461                     0
480                     0
482                     1
491                    10
498                    59
501                    69
503                     0
512                     1
533                     1
535                     1
536                     1
561                     0
563                     1
564                     0
565                     1
566                     0
572                     0
796                    17
799                     0
800                     1
803                     1
806                     1
811                     1
815                     1
818                     0
821                     1
823                     1
825                   123
827                     1
828                     1
848                   246
849                    11
878                     1
880                     0
881                   108
917                     0
926                   107
935                    45
1002                    1
1004                    1
1021                    0
1022                   72
1024                    0
1025                    4
1026                    7
1052                    0
1053                    1
1082                   71
1083                    1
1084                    1
1087                   48
1090                   23
1099                    1
1110                    1
1113                    1
1124                    0
1125                    5
1128                    0
1134                    1
1140                    1
1141                  126
1143                    3
1162                    0
1206                    1
1215                   18
1218                   17
1221                    1
1224                   32
1235                    4
1242                    1
1244                    6
1254                    0
1256                    0
1263                   10
1268                    1
1342                   41
1383                  227
1384                  246
1388                  267
1442                    0
1537                    1
1538                    1
1539                    0
1869                  215
2028                  260
2049                  226
2051                   77
2054                    1
100000007               0
100000008               0
100000036               1
100000039              17
100000042               1
100000043             221
100000054             261
100000257               1
100000258               1
100000263              86
100000265               0
100000282               1
100000295              62
100000299             105
100000406               1
100000409              25
100000437              73
100000442              21
100000445               7
100000453              83
100000463              97
100000467               3
100000491               1
100000551               1
100000580               1
100000657               1
100000672               1
100000706              26
100000707               9
100000708              79
100000735             269
100000763               3
100000765             136
100000773              46
100000774               6
100000784             175
100000787               1
100000792             167
100000802               0
100000808              88
100000840               1
100000841               1
100000846               1
100000894              55
100000936               1
100000961               1
100001006               1
100001007               1
100001022               0
100001026              14
100001034              38
100001051              29
100001054              61
100001055               0
100001081               0
100001092               2
100001103               8
100001108              21
100001121               6
100001126               8
100001148              88
100001153               1
100001162               1
100001167              25
100001170               2
100001175             165
100001178              29
100001208              66
100001212              43
100001247              39
100001253               1
100001256              40
100001257               1
100001262              13
100001263               1
100001266               1
100001267              53
100001271              43
100001272               1
100001274               1
100001276               5
100001293               2
100001296               0
100001300               2
100001309             267
100001310               1
100001313              48
100001314               2
100001315               3
100001320               0
100001359               1
100001385             260
100001386             239
100001393              52
100001396               9
100001403              28
100001405              83
100001412               1
100001413               2
100001415               1
100001416               1
100001417               1
100001425               1
100001426               1
100001446               1
100001456               1
100001467               1
100001468               1
100001485               5
100001507               2
100001509              44
100001510               1
100001538              20
100001540               1
100001541              25
100001550               1
100001551             132
100001586               1
100001593              13
100001594               1
100001596              53
100001597               0
100001605               1
100001609               1
100001612               1
100001620              81
100001621               4
100001662               1
100001664               1
100001668               2
100001730              20
100001734              13
100001740               1
100001743               7
100001757             174
100001788             244
100001791             232
100001810               1
100001851               1
100001859              84
100001869               1
100001925              41
100001933             267
100001948               1
100001956              71
100001992              51
100001993             139
100002070               1
100002102               1
100002103               1
100002106               1
100002107               1
100002154               4
100002204               5
100002259              72
100002284               1
100002321             269
100002367               1
100002397               1
100002405             256
100002417               5
100002454             266
100002458               1
100002462               1
100002466              26
100002489             266
100002500              32
100002528               0
100002613             135
100002717             252
100002725             258
100002735             266
100002749              29
100002769              62
100002784               2
100002806             266
100002807             265
100002910               7
100002927               1
100003064              10
100003258               1
100003260               1
100003271               1
100003397               1
100003415               1
100003674             126
100003695               1
100003696              50
100004034             269
100004111              43
100004112             149
100004169             256
100004171             261
100004173             264
100004175             269
100004208              18
100004227              88
100004251              13
100004284               0
100004295               8
100004322              14
100004328              17
100004329               3
100004499               4
100004509              98
100004518             268
100004523               4
100004541               0
100004561              28
100004634               1
100004635               1
100005373               1
100005384               1
100005466               1
100005850               1
100005864              70
100005986               4
100006092              32
100006098              44
100006104             226
100006115               1
100006129             233
100006181             268
100006191             104
100006203             204
100006290              15
100006292              56
100006294              54
100006295              22
100006360             142
100006361               1
100006367               1
100006374             109
100006375             109
100006379               1
100006384             269
100006385             260
100006430               1
100006435               3
100006438               4
100006614              69
100008904               1
100008914               1
100008915               1
100008916               6
100008921               3
100008928               1
100008929              13
100008954              59
100008957               7
100008977              90
100008980               1
100008984               1
100008992               3
100008999               9
100009002              68
100009005             134
100009007               2
100009014              43
100009162             146
100009232              65
100009239               3
100009245              55
100009271              30
100009275               1
100009327             268
100009329               1
100009390             269
100010869               3
100010895              68
100010896              28
100010901               1
100015783             260
100015873             269
100015962               1
100015965             150
100016038               3
100019794              68
100019968               5
100020004              22
100020205               1
100020217               3
100020242               1
100020243             268
100020244             268
100020361               1
100020377              11
100020409              45
100020417             155
100020546             160
100020810             266
100020827             251
100020837             125
100020868             268
100020893               1
100021123               1
100021372               8
100021467               3
100021478              35
100021728             111
100021760               1
100021784             103
100022041               1
100022120             166
999910457               1
999911299             143
999911381               3
999911407             106
999911444              70
999911612               1
999911787               1
999911795               1
999912007              20
999912026               8
999912100               1
999912101               1
999912104               1
999912112               4
999912216             187
999912410             245
999912411               1
999912462             109
999912680              95
999912689               1
999912844              49
999912906              12
999913684              87
999913728              19
999914056               1
999915245              64
999915674               1
999916124             232
999917010             185
999919438              85
999921258             174
999921286               6
999921733              19
999922162               1
999923583              95
999923584             247
999923587               4
999923593               1
999923639               1
999923644               6
999923666             124
999923739               1
999924228               1
999924295              20
999924337               1
999924411             162
999924422              19
999924428              55
999924728               6
999924736             162
999925109               1
999925217             202
999925271              72
999925422               1
999925520               4
999925790               3
999925855              13
999925936               1
999925948               1
999925957             115
999925968             267
999925983              47
999926062             176
999926235             157
dtype: int64
